153 -0.2853583097457886 0.05620396137237549 0.08723068237304688 0.12479090690612793
0 -0.1980586051940918 -0.05125761032104492 0.13196849822998047 0.1816009283065796
1 -0.25266027450561523 0.02460014820098877 -0.11577224731445312 0.19961130619049072
2 0.33225202560424805 -0.056148648262023926 0.11368179321289062 -0.15143656730651855
3 -0.25319910049438477 0.06633281707763672 0.08295440673828125 0.21834468841552734
4 -0.20725536346435547 -0.038954734802246094 0.10375022888183594 0.20443499088287354
5 0.2585716247558594 -0.0642397403717041 -0.1030416488647461 -0.1511697769165039
6 0.16835927963256836 0.08423018455505371 -0.061562538146972656 -0.11455249786376953
7 0.14215612411499023 -0.055179595947265625 -0.13147354125976562 0.21429026126861572
8 0.3708152770996094 0.06859612464904785 0.055016517639160156 -0.15312528610229492
9 -0.16461849212646484 -0.03239142894744873 -0.09425544738769531 -0.1808614730834961
10 0.30863332748413086 0.08106207847595215 -0.1100616455078125 -0.08028388023376465
11 -0.2780475616455078 0.057828426361083984 -0.09644699096679688 0.046074628829956055
12 0.30141592025756836 -0.05734372138977051 0.0909414291381836 0.13089799880981445
13 -0.18915271759033203 0.0033386945724487305 0.0728158950805664 -0.18504786491394043
14 -0.3112611770629883 0.05745398998260498 -0.07414817810058594 0.08917498588562012
15 -0.22999858856201172 0.0369182825088501 0.0992279052734375 -0.1460282802581787
16 -0.3386988639831543 0.045578718185424805 -0.09979629516601562 -0.1618366241455078
17 -0.27496767044067383 -0.06024372577667236 0.07932281494140625 0.06118583679199219
18 -0.2081918716430664 0.06282973289489746 -0.11282920837402344 0.14881396293640137
19 -0.21962308883666992 -0.07128894329071045 -0.10716056823730469 -0.20203280448913574
20 0.22127676010131836 0.07197999954223633 -0.10228538513183594 0.19049036502838135
21 -0.30247974395751953 -0.044709205627441406 0.08829307556152344 0.17015743255615234
22 0.22243881225585938 -0.05675697326660156 -0.08779144287109375 0.1445528268814087
23 -0.3120756149291992 -0.03115558624267578 0.12198448181152344 0.12949705123901367
24 -0.31583595275878906 -0.058653831481933594 0.1493968963623047 0.24857163429260254
25 0.3557586669921875 0.026099085807800293 0.024883270263671875 0.14769482612609863
26 -0.20380449295043945 0.01759946346282959 0.0279083251953125 0.10435080528259277
27 0.21866798400878906 -0.0533146858215332 -0.1444988250732422 -0.21705985069274902
28 -0.26498842239379883 0.02805793285369873 -0.08806800842285156 -0.21209073066711426
29 0.22148990631103516 0.02102530002593994 0.11895561218261719 0.09084022045135498
30 0.2765960693359375 0.06778430938720703 0.07310295104980469 -0.1924431324005127
31 0.2541484832763672 0.04654884338378906 -0.1419544219970703 -0.1417003870010376
32 0.3022336959838867 -0.09300076961517334 0.1477794647216797 0.17822587490081787
33 -0.3180365562438965 -0.06658816337585449 0.08255577087402344 -0.09727990627288818
34 0.2503776550292969 0.06793785095214844 0.04194450378417969 -0.19243276119232178
35 -0.19869565963745117 0.06351828575134277 -0.08758163452148438 -0.15275812149047852
36 0.35640716552734375 -0.07601797580718994 -0.06405830383300781 -0.1463456153869629
37 -0.12237739562988281 -0.06086623668670654 0.09037208557128906 -0.11152338981628418
38 0.24881219863891602 -0.03561568260192871 -0.1256256103515625 -0.10498583316802979
39 -0.24701833724975586 -0.06841897964477539 0.09346580505371094 0.09095513820648193
40 0.37827324867248535 -0.06461536884307861 0.0713043212890625 -0.12337851524353027
41 0.2955021858215332 0.07603943347930908 0.11211776733398438 0.10420525074005127
42 0.4200209379196167 -0.03520536422729492 0.11960220336914062 0.10020661354064941
43 0.2676495313644409 0.036434173583984375 -0.06464004516601562 -0.11879074573516846
44 0.23084783554077148 0.0234375 0.16215133666992188 -0.12830448150634766
45 -0.2803347110748291 -0.026334166526794434 -0.10879325866699219 0.12080955505371094
46 0.2964608445763588 -0.041725993156433105 0.12001609802246094 0.27725106477737427
47 -0.2500709220767021 0.052719950675964355 -0.14498329162597656 0.24664676189422607
48 0.21813881397247314 -0.0315549373626709 0.07025909423828125 0.2079167366027832
49 0.3060019016265869 0.04962599277496338 -0.10206031799316406 -0.1554187536239624
50 -0.18652832508087158 0.0463029146194458 -0.09407806396484375 -0.15952491760253906
51 0.23656845092773438 0.03844928741455078 -0.14498519897460938 -0.14147400856018066
52 0.2138833999633789 -0.03840196132659912 0.08994483947753906 -0.17941319942474365
53 -0.2000412940979004 0.09901654720306396 -0.09190559387207031 0.08362215757369995
54 0.2028498649597168 -0.021506190299987793 -0.1433868408203125 -0.10413527488708496
55 -0.40572595596313477 -0.06570768356323242 -0.08294105529785156 0.11506950855255127
56 -0.3037986755371094 0.06129956245422363 0.09106063842773438 -0.0885421633720398
57 -0.21742963790893555 -0.044846415519714355 -0.06321525573730469 0.2828495502471924
58 -0.19256353378295898 0.01600790023803711 -0.10076141357421875 -0.1936677098274231
59 0.22540521621704102 -0.08340752124786377 -0.05219459533691406 -0.10087686777114868
60 0.45524168014526367 -0.03085339069366455 0.10174751281738281 -0.2512730360031128
61 0.21292495727539062 0.06871473789215088 0.1684722900390625 0.17892777919769287
62 -0.30498218536376953 0.06267786026000977 0.11592292785644531 0.13952171802520752
63 0.22307682037353516 0.06373429298400879 0.10385704040527344 0.2126920521259308
64 0.2567462921142578 -0.054940104484558105 0.1273021697998047 0.1470365822315216
65 -0.20528221130371094 0.03576672077178955 -0.08549308776855469 0.15191906690597534
66 0.3163471221923828 0.023121118545532227 -0.14167404174804688 -0.09074866771697998
67 0.3200054168701172 -0.019930720329284668 0.1412506103515625 -0.1154334545135498
68 -0.27715301513671875 0.02396070957183838 -0.08501243591308594 0.169611394405365
69 -0.3722810745239258 0.0014694929122924805 0.11688613891601562 -0.18913275003433228
70 -0.21669673919677734 0.032410383224487305 -0.07830619812011719 0.11144772171974182
71 0.2905111312866211 0.05756247043609619 0.08919715881347656 -0.09156268835067749
72 0.1782979965209961 0.035369277000427246 0.07950592041015625 0.10788682103157043
73 0.21985816955566406 0.07866668701171875 0.16005516052246094 -0.2070329189300537
74 -0.03712654113769531 -0.05859971046447754 -0.0829925537109375 -0.16121459007263184
75 -0.21853351593017578 -0.02221083641052246 0.10591316223144531 -0.0841054916381836
76 -0.3130073547363281 -0.041407108306884766 0.05025291442871094 0.14042428135871887
77 0.18208980560302734 -0.031385183334350586 0.08875656127929688 -0.11848181486129761
78 -0.1679983139038086 0.06453990936279297 -0.1406402587890625 -0.06940704584121704
79 -0.27143287658691406 -0.04852592945098877 0.10068321228027344 -0.09081673622131348
80 -0.302093505859375 -0.07727479934692383 -0.08401870727539062 0.12594038248062134
81 -0.1831645965576172 -0.06704235076904297 0.1249542236328125 0.17960679531097412
82 0.2825918197631836 -0.07658505439758301 0.14969444274902344 -0.08893531560897827
83 0.06539344787597656 0.061383843421936035 0.0338592529296875 0.1652434766292572
84 0.1294260025024414 0.04500162601470947 -0.009456634521484375 0.09356272220611572
85 0.16031837463378906 0.09048688411712646 0.11945343017578125 0.15025663375854492
86 0.3527050018310547 0.059252381324768066 -0.11911964416503906 0.29135313630104065
87 -0.19059085845947266 0.004019737243652344 0.10284423828125 -0.1688442826271057
88 0.4314899444580078 -0.04047369956970215 -0.09828758239746094 0.14480650424957275
89 0.05205059051513672 -0.02908647060394287 -0.11717414855957031 -0.1690637469291687
90 -0.11357784271240234 0.07020723819732666 0.1301136016845703 0.13806045055389404
91 0.26102447509765625 0.026256084442138672 -0.0709381103515625 -0.0886048674583435
92 0.2894172668457031 -0.05973100662231445 0.12390518188476562 0.13661855459213257
93 0.23742961883544922 0.06600284576416016 -0.08392715454101562 0.10419243574142456
94 0.16326618194580078 0.05807006359100342 0.12201881408691406 -0.12636327743530273
95 0.20511722564697266 -0.052015066146850586 0.09794425964355469 -0.1846468448638916
96 0.21497249603271484 0.051371097564697266 -0.09404373168945312 0.18172770738601685
97 -0.20973491668701172 0.0671088695526123 -0.08843231201171875 -0.1255354881286621
98 -0.2096996307373047 -0.0215299129486084 0.03671836853027344 0.1148141622543335
99 0.3263072967529297 -0.03779029846191406 0.127655029296875 -0.17419612407684326
100 -0.27133750915527344 -0.07477784156799316 -0.069122314453125 -0.1758441925048828
101 0.2554922103881836 0.048326730728149414 -0.0543670654296875 -0.11736929416656494
102 0.1982412338256836 0.00702214241027832 0.1410655975341797 0.22699213027954102
103 0.11629009246826172 -0.07255399227142334 0.1291675567626953 -0.11631882190704346
104 -0.3263521194458008 0.04466450214385986 -0.12813568115234375 -0.2209179401397705
105 0.24594688415527344 0.06950843334197998 -0.15058517456054688 -0.1422349214553833
106 -0.14904022216796875 0.02392709255218506 -0.1032562255859375 -0.060341596603393555
107 0.27500343322753906 0.05434584617614746 0.057819366455078125 -0.1851499080657959
108 0.12885332107543945 0.03312802314758301 -0.12566757202148438 -0.10085725784301758
109 -0.2730998992919922 -0.040444254875183105 -0.10477447509765625 -0.14264392852783203
110 -0.29897260665893555 0.05744314193725586 0.07629776000976562 0.16731011867523193
111 -0.30971527099609375 0.039177894592285156 -0.10535049438476562 -0.15208947658538818
112 -0.2933316230773926 0.07956469058990479 0.10120010375976562 -0.14986515045166016
113 -0.3342742919921875 0.04732227325439453 0.0862884521484375 0.1738218069076538
114 -0.24215459823608398 0.05555272102355957 -0.09386825561523438 0.1058419942855835
115 0.24850821495056152 -0.06360399723052979 -0.08684921264648438 -0.20097553730010986
116 -0.23825299739837646 -0.05687451362609863 -0.10747909545898438 -0.16163194179534912
117 -0.22412294149398804 -0.02704179286956787 0.1100616455078125 0.13489675521850586
118 -0.20009911060333252 -0.059853553771972656 -0.09652328491210938 0.12540721893310547
119 -0.22019988298416138 -0.07685577869415283 -0.100250244140625 -0.21092164516448975
120 -0.2564878463745117 0.09700465202331543 0.11981964111328125 -0.18876254558563232
121 -0.28528785705566406 -0.04445183277130127 -0.06985092163085938 0.2837620973587036
122 0.22826457023620605 0.0635824203491211 -0.09359359741210938 -0.13619637489318848
123 0.18717217445373535 -0.04003584384918213 0.062435150146484375 0.18593037128448486
124 0.07126140594482422 -0.0557856559753418 0.09687423706054688 -0.13277721405029297
125 0.4046602249145508 0.06677842140197754 0.0844268798828125 0.10797834396362305
126 -0.18586254119873047 -0.051802635192871094 -0.12499237060546875 -0.11172652244567871
127 -0.3315563201904297 -0.05008101463317871 0.07016754150390625 0.1156700849533081
128 -0.3183717727661133 -0.08183491230010986 -0.07638168334960938 -0.09362959861755371
129 0.2144322395324707 -0.029053688049316406 0.132293701171875 -0.12863898277282715
130 0.2904958724975586 0.03323030471801758 0.10525131225585938 -0.11135339736938477
131 -0.2947254180908203 -0.040657997131347656 -0.054477691650390625 0.15439271926879883
132 -0.18225383758544922 0.05004739761352539 0.0998992919921875 -0.12004387378692627
133 0.3652381896972656 -0.08262360095977783 -0.02552032470703125 0.20528578758239746
134 0.23801136016845703 -0.036608099937438965 0.13828659057617188 -0.14531373977661133
135 -0.27039623260498047 -0.06446099281311035 0.061481475830078125 -0.11137056350708008
136 0.2975749969482422 -0.07106435298919678 0.07318496704101562 -0.11845672130584717
137 0.12956523895263672 -0.060626864433288574 -0.12763595581054688 0.17889165878295898
138 0.3027639389038086 -0.05166947841644287 0.13301849365234375 -0.23154520988464355
139 0.3153986930847168 -0.0385967493057251 0.0832977294921875 -0.07591044902801514
140 -0.35070323944091797 0.053362131118774414 0.07333755493164062 0.07531332969665527
141 -0.22218608856201172 0.05519568920135498 -0.08085250854492188 0.1629788875579834
142 0.31540775299072266 -0.05012845993041992 -0.055400848388671875 0.14028286933898926
143 0.20160579681396484 0.04267418384552002 -0.12698745727539062 -0.1783078908920288
144 -0.2157278060913086 -0.036466002464294434 0.13131332397460938 -0.1714625358581543
145 -0.19395017623901367 -0.043782949447631836 0.08802413940429688 -0.19727075099945068
146 -0.32062244415283203 -0.05202960968017578 0.044139862060546875 -0.17916488647460938
147 -0.2927408218383789 0.025427818298339844 0.07357406616210938 -0.2203439474105835
148 0.21590471267700195 0.028584957122802734 -0.06324386596679688 -0.0697627067565918
149 -0.3184511661529541 0.049631476402282715 -0.14011001586914062 0.2053927183151245
150 0.18846368789672852 0.05230700969696045 0.12559127807617188 -0.1457756757736206
151 -0.2091529369354248 -0.03578650951385498 -0.099273681640625 -0.05166184902191162
152 -0.2105933427810669 0.01730942726135254 -0.1133270263671875 -0.10375416278839111
153 -0.2853583097457886 0.05620396137237549 0.08723068237304688 0.12479090690612793
0 -0.1980586051940918 -0.05125761032104492 0.13196849822998047 0.1816009283065796
